base_model.model.backbone.W_posParameter containing:
tensor([[ 0.0069,  0.0153,  0.0029,  ...,  0.0129, -0.0139, -0.0150],
        [-0.0026, -0.0186,  0.0056,  ...,  0.0140, -0.0196, -0.0154],
        [-0.0079, -0.0163, -0.0055,  ..., -0.0008,  0.0019, -0.0089],
        ...,
        [ 0.0187,  0.0045,  0.0173,  ...,  0.0085,  0.0157,  0.0147],
        [ 0.0160,  0.0002,  0.0009,  ...,  0.0036, -0.0007,  0.0091],
        [-0.0074,  0.0114, -0.0009,  ..., -0.0072, -0.0028,  0.0138]],
       device='cuda:1', requires_grad=True)
base_model.model.backbone.W_P.weightParameter containing:
tensor([[-0.2032, -0.0449,  0.1855,  ...,  0.1963, -0.0697, -0.1262],
        [ 0.0660, -0.0701,  0.0450,  ..., -0.2454,  0.0651, -0.0998],
        [ 0.1021, -0.1198,  0.0499,  ...,  0.0327, -0.0630, -0.1599],
        ...,
        [ 0.1449,  0.2179,  0.2218,  ..., -0.0529,  0.2438,  0.0915],
        [-0.1729,  0.1228, -0.1073,  ...,  0.1940,  0.2200, -0.1624],
        [-0.0134,  0.0902,  0.0233,  ...,  0.1586,  0.1631,  0.0360]],
       device='cuda:1', requires_grad=True)
base_model.model.backbone.W_P.biasParameter containing:
tensor([ 0.1280, -0.0679, -0.1214, -0.1560, -0.2342, -0.2156,  0.1911,  0.1976,
         0.1041, -0.1674, -0.0545,  0.2270,  0.1365, -0.1614,  0.1496,  0.2334,
        -0.1728,  0.2465,  0.0431, -0.1783, -0.1142, -0.1454, -0.2410, -0.2322,
         0.1859,  0.2394,  0.1365, -0.1423, -0.1566,  0.1355, -0.0006,  0.0236,
         0.1400, -0.0623, -0.2170, -0.2461,  0.0630, -0.2035,  0.0073,  0.1341,
         0.2130,  0.1829, -0.0301,  0.2365,  0.0603,  0.2315, -0.1410,  0.0312,
        -0.2482,  0.0150, -0.1727,  0.0660, -0.1104, -0.1911, -0.1251,  0.1091,
        -0.0556,  0.0620, -0.1982, -0.1920,  0.2155,  0.1576, -0.2441, -0.0005,
        -0.1580,  0.0482, -0.0961, -0.0520, -0.1471, -0.0770, -0.2130,  0.2144,
        -0.1474,  0.1613, -0.1160,  0.0254,  0.1065, -0.2263, -0.2410,  0.2468,
         0.0306, -0.1894,  0.0551,  0.0746, -0.0832, -0.2264, -0.0332, -0.0753,
        -0.2158,  0.0773, -0.2132,  0.2267, -0.1678, -0.1760,  0.2439, -0.2297,
         0.1384, -0.1737, -0.1497,  0.0231,  0.1429,  0.0285,  0.1525,  0.1694,
        -0.1926, -0.0946,  0.0774, -0.0320,  0.0448,  0.1911,  0.1181, -0.2116,
         0.0172,  0.1210, -0.0267, -0.1730,  0.0419, -0.1296,  0.0523, -0.1248,
         0.0819, -0.0326, -0.0164, -0.2030, -0.2013, -0.2029, -0.0535, -0.1679],
       device='cuda:1', requires_grad=True)
base_model.model.backbone.encoder.layers.0.self_attn.W_Q.weightParameter containing:
tensor([[ 0.0227, -0.0596, -0.0334,  ..., -0.0644, -0.0404,  0.0462],
        [ 0.0479,  0.0777, -0.0726,  ...,  0.0286,  0.0787,  0.0154],
        [ 0.0645,  0.0367, -0.0643,  ..., -0.0474,  0.0603, -0.0368],
        ...,
        [ 0.0146, -0.0298, -0.0846,  ..., -0.0242, -0.0453, -0.0123],
        [-0.0628,  0.0189, -0.0594,  ...,  0.0310, -0.0476,  0.0264],
        [-0.0101,  0.0042, -0.0585,  ..., -0.0243, -0.0543,  0.0116]],
       device='cuda:1', requires_grad=True)
base_model.model.backbone.encoder.layers.0.self_attn.W_Q.biasParameter containing:
tensor([ 0.0331,  0.0331, -0.0634, -0.0408, -0.0603, -0.0543,  0.0750,  0.0494,
         0.0558,  0.0203,  0.0243, -0.0084, -0.0201, -0.0789, -0.0880, -0.0106,
        -0.0378, -0.0378,  0.0003, -0.0378,  0.0125, -0.0425, -0.0095, -0.0119,
        -0.0023,  0.0503, -0.0733,  0.0438,  0.0226,  0.0175,  0.0766,  0.0429,
         0.0728,  0.0737, -0.0665, -0.0412,  0.0374, -0.0582,  0.0200,  0.0880,
        -0.0750, -0.0669,  0.0199, -0.0656, -0.0876, -0.0535, -0.0095,  0.0827,
        -0.0564, -0.0442,  0.0698, -0.0326,  0.0734, -0.0814, -0.0103,  0.0525,
         0.0151,  0.0868,  0.0521,  0.0414,  0.0012, -0.0843,  0.0333,  0.0021,
         0.0183, -0.0273,  0.0374,  0.0882, -0.0343, -0.0231,  0.0374,  0.0596,
         0.0378, -0.0256,  0.0773, -0.0880,  0.0451,  0.0156, -0.0629,  0.0444,
        -0.0821, -0.0197,  0.0693,  0.0230,  0.0344, -0.0764, -0.0406, -0.0764,
        -0.0526, -0.0763, -0.0696,  0.0677,  0.0349, -0.0592, -0.0028, -0.0487,
        -0.0557,  0.0464,  0.0045, -0.0784,  0.0110,  0.0868,  0.0094,  0.0478,
         0.0252,  0.0435,  0.0102, -0.0526, -0.0345, -0.0589,  0.0041, -0.0385,
         0.0470,  0.0181,  0.0855,  0.0678,  0.0658,  0.0249,  0.0776,  0.0544,
        -0.0091, -0.0182, -0.0785,  0.0247, -0.0596,  0.0838,  0.0297,  0.0750],
       device='cuda:1', requires_grad=True)
base_model.model.backbone.encoder.layers.0.self_attn.W_K.weightParameter containing:
tensor([[-0.0275, -0.0111,  0.0643,  ...,  0.0342,  0.0761, -0.0778],
        [ 0.0325, -0.0011, -0.0010,  ..., -0.0789, -0.0855,  0.0432],
        [-0.0709, -0.0520,  0.0205,  ..., -0.0388, -0.0528,  0.0128],
        ...,
        [ 0.0310, -0.0362,  0.0123,  ..., -0.0131,  0.0346, -0.0012],
        [-0.0642,  0.0496,  0.0436,  ...,  0.0025, -0.0102,  0.0453],
        [ 0.0481,  0.0853, -0.0004,  ...,  0.0854, -0.0648, -0.0781]],
       device='cuda:1', requires_grad=True)
base_model.model.backbone.encoder.layers.0.self_attn.W_K.biasParameter containing:
tensor([ 0.0131, -0.0180,  0.0750, -0.0672, -0.0802, -0.0368, -0.0578, -0.0522,
         0.0379, -0.0605,  0.0032,  0.0066, -0.0459,  0.0781, -0.0453, -0.0700,
        -0.0543,  0.0237, -0.0412, -0.0305,  0.0178,  0.0660,  0.0248, -0.0735,
         0.0488,  0.0292,  0.0832, -0.0753,  0.0359, -0.0022, -0.0847,  0.0518,
        -0.0435, -0.0820, -0.0270,  0.0386,  0.0847,  0.0795,  0.0801,  0.0865,
         0.0284,  0.0832, -0.0151,  0.0304,  0.0440, -0.0721, -0.0395,  0.0679,
        -0.0660, -0.0248, -0.0484, -0.0102,  0.0368,  0.0111, -0.0207,  0.0678,
        -0.0811, -0.0745, -0.0314,  0.0760, -0.0209,  0.0533, -0.0060,  0.0432,
         0.0550,  0.0258, -0.0497, -0.0730,  0.0243, -0.0817,  0.0842, -0.0260,
         0.0367,  0.0264, -0.0292,  0.0213,  0.0211, -0.0579, -0.0566,  0.0383,
        -0.0802, -0.0204,  0.0681,  0.0869,  0.0331,  0.0279, -0.0288,  0.0460,
        -0.0247, -0.0023,  0.0520, -0.0390,  0.0767,  0.0256,  0.0724,  0.0533,
         0.0240, -0.0062,  0.0588,  0.0559,  0.0642,  0.0722, -0.0851,  0.0750,
        -0.0761, -0.0747, -0.0380, -0.0735, -0.0716, -0.0307, -0.0098,  0.0765,
         0.0834,  0.0852, -0.0415,  0.0577, -0.0114, -0.0686, -0.0228,  0.0169,
         0.0622,  0.0817,  0.0552, -0.0385,  0.0503, -0.0085, -0.0625, -0.0403],
       device='cuda:1', requires_grad=True)
base_model.model.backbone.encoder.layers.0.self_attn.W_V.weightParameter containing:
tensor([[-0.0813, -0.0113, -0.0186,  ...,  0.0883, -0.0667, -0.0422],
        [ 0.0263, -0.0265,  0.0214,  ..., -0.0725, -0.0591, -0.0740],
        [-0.0708,  0.0316,  0.0757,  ...,  0.0699, -0.0834,  0.0071],
        ...,
        [-0.0323,  0.0683, -0.0826,  ...,  0.0803,  0.0700, -0.0388],
        [-0.0515, -0.0299,  0.0598,  ...,  0.0866, -0.0261,  0.0055],
        [-0.0651,  0.0480, -0.0805,  ..., -0.0237, -0.0279, -0.0751]],
       device='cuda:1', requires_grad=True)
base_model.model.backbone.encoder.layers.0.self_attn.W_V.biasParameter containing:
tensor([-0.0155, -0.0206,  0.0593,  0.0440, -0.0010,  0.0393, -0.0224, -0.0085,
        -0.0099,  0.0422,  0.0138,  0.0042, -0.0364, -0.0578,  0.0696,  0.0298,
         0.0626, -0.0419,  0.0182, -0.0122, -0.0205, -0.0435, -0.0453, -0.0715,
        -0.0795,  0.0067,  0.0679,  0.0466,  0.0263,  0.0757,  0.0057, -0.0559,
        -0.0765,  0.0361,  0.0367, -0.0194,  0.0334,  0.0130,  0.0096, -0.0835,
        -0.0315, -0.0020, -0.0730, -0.0661,  0.0757,  0.0880, -0.0842,  0.0548,
         0.0817,  0.0112,  0.0313,  0.0146,  0.0843,  0.0193, -0.0861, -0.0387,
        -0.0297, -0.0738,  0.0575,  0.0244,  0.0730,  0.0779,  0.0247, -0.0327,
         0.0036, -0.0751,  0.0043,  0.0111, -0.0716, -0.0811, -0.0818,  0.0844,
        -0.0754,  0.0139, -0.0747,  0.0644,  0.0288,  0.0437, -0.0362, -0.0072,
        -0.0585,  0.0521,  0.0248, -0.0605,  0.0201,  0.0465, -0.0604, -0.0843,
         0.0611, -0.0143,  0.0114,  0.0666,  0.0859, -0.0164, -0.0408,  0.0527,
         0.0032,  0.0541,  0.0452,  0.0558,  0.0743, -0.0335,  0.0436,  0.0740,
         0.0098,  0.0784, -0.0451, -0.0460,  0.0558,  0.0304,  0.0786,  0.0389,
        -0.0013, -0.0158,  0.0656,  0.0349,  0.0400,  0.0251,  0.0460,  0.0844,
         0.0257,  0.0234, -0.0625, -0.0465, -0.0660,  0.0884, -0.0417, -0.0551],
       device='cuda:1', requires_grad=True)
base_model.model.backbone.encoder.layers.0.self_attn.sdp_attn.scaleParameter containing:
tensor(0.3536, device='cuda:1')
base_model.model.backbone.encoder.layers.0.self_attn.to_out.0.weightParameter containing:
tensor([[-0.0606,  0.0845, -0.0118,  ...,  0.0729,  0.0187,  0.0661],
        [-0.0100,  0.0605, -0.0657,  ..., -0.0703, -0.0293,  0.0772],
        [-0.0139,  0.0360,  0.0790,  ..., -0.0775, -0.0055, -0.0694],
        ...,
        [ 0.0591, -0.0273,  0.0011,  ...,  0.0309, -0.0120, -0.0432],
        [ 0.0380,  0.0323,  0.0761,  ...,  0.0192, -0.0473, -0.0445],
        [-0.0728,  0.0663,  0.0842,  ..., -0.0178, -0.0558,  0.0740]],
       device='cuda:1', requires_grad=True)
base_model.model.backbone.encoder.layers.0.self_attn.to_out.0.biasParameter containing:
tensor([-0.0424,  0.0604,  0.0378, -0.0876, -0.0678,  0.0490, -0.0269,  0.0423,
        -0.0278, -0.0643, -0.0757, -0.0039,  0.0504,  0.0813,  0.0406,  0.0083,
        -0.0842, -0.0285, -0.0685,  0.0183,  0.0789, -0.0540, -0.0044, -0.0420,
        -0.0375,  0.0022,  0.0114, -0.0082,  0.0685, -0.0248,  0.0021, -0.0061,
        -0.0388,  0.0267,  0.0461,  0.0624, -0.0496,  0.0387,  0.0815, -0.0081,
         0.0309, -0.0695,  0.0856,  0.0415, -0.0776,  0.0343, -0.0339,  0.0881,
        -0.0204,  0.0734,  0.0277,  0.0563, -0.0653, -0.0517,  0.0112, -0.0702,
        -0.0065, -0.0705, -0.0305, -0.0015,  0.0647,  0.0525,  0.0390,  0.0497,
         0.0495,  0.0239, -0.0325, -0.0088,  0.0858,  0.0262,  0.0368,  0.0767,
        -0.0452,  0.0812, -0.0552,  0.0261, -0.0029,  0.0706, -0.0475, -0.0609,
         0.0464,  0.0165, -0.0775, -0.0355,  0.0799, -0.0075,  0.0113, -0.0377,
        -0.0105,  0.0773, -0.0842, -0.0482,  0.0622,  0.0748,  0.0227,  0.0567,
         0.0134, -0.0741,  0.0105,  0.0616,  0.0836,  0.0797, -0.0267, -0.0396,
        -0.0467,  0.0403,  0.0405, -0.0797, -0.0385, -0.0553, -0.0036,  0.0368,
        -0.0315, -0.0710,  0.0066,  0.0426, -0.0192, -0.0159, -0.0736, -0.0568,
         0.0148, -0.0469, -0.0178, -0.0868,  0.0607, -0.0223, -0.0305,  0.0254],
       device='cuda:1', requires_grad=True)
base_model.model.backbone.encoder.layers.0.norm_attn.1.weightParameter containing:
tensor([1., 1., 1., 1., 1., 1., 1., 1., 1., 1., 1., 1., 1., 1., 1., 1., 1., 1.,
        1., 1., 1., 1., 1., 1., 1., 1., 1., 1., 1., 1., 1., 1., 1., 1., 1., 1.,
        1., 1., 1., 1., 1., 1., 1., 1., 1., 1., 1., 1., 1., 1., 1., 1., 1., 1.,
        1., 1., 1., 1., 1., 1., 1., 1., 1., 1., 1., 1., 1., 1., 1., 1., 1., 1.,
        1., 1., 1., 1., 1., 1., 1., 1., 1., 1., 1., 1., 1., 1., 1., 1., 1., 1.,
        1., 1., 1., 1., 1., 1., 1., 1., 1., 1., 1., 1., 1., 1., 1., 1., 1., 1.,
        1., 1., 1., 1., 1., 1., 1., 1., 1., 1., 1., 1., 1., 1., 1., 1., 1., 1.,
        1., 1.], device='cuda:1', requires_grad=True)
base_model.model.backbone.encoder.layers.0.norm_attn.1.biasParameter containing:
tensor([0., 0., 0., 0., 0., 0., 0., 0., 0., 0., 0., 0., 0., 0., 0., 0., 0., 0., 0., 0., 0., 0., 0., 0.,
        0., 0., 0., 0., 0., 0., 0., 0., 0., 0., 0., 0., 0., 0., 0., 0., 0., 0., 0., 0., 0., 0., 0., 0.,
        0., 0., 0., 0., 0., 0., 0., 0., 0., 0., 0., 0., 0., 0., 0., 0., 0., 0., 0., 0., 0., 0., 0., 0.,
        0., 0., 0., 0., 0., 0., 0., 0., 0., 0., 0., 0., 0., 0., 0., 0., 0., 0., 0., 0., 0., 0., 0., 0.,
        0., 0., 0., 0., 0., 0., 0., 0., 0., 0., 0., 0., 0., 0., 0., 0., 0., 0., 0., 0., 0., 0., 0., 0.,
        0., 0., 0., 0., 0., 0., 0., 0.], device='cuda:1', requires_grad=True)
base_model.model.backbone.encoder.layers.0.ff.0.weightParameter containing:
tensor([[ 0.0415, -0.0412, -0.0748,  ...,  0.0735, -0.0867,  0.0821],
        [ 0.0405, -0.0460, -0.0167,  ..., -0.0852,  0.0122,  0.0236],
        [ 0.0358, -0.0744,  0.0228,  ...,  0.0086,  0.0460, -0.0051],
        ...,
        [-0.0738, -0.0039, -0.0638,  ..., -0.0271,  0.0386, -0.0349],
        [-0.0824,  0.0740, -0.0716,  ..., -0.0875,  0.0877,  0.0478],
        [ 0.0572,  0.0361, -0.0369,  ..., -0.0283, -0.0317, -0.0016]],
       device='cuda:1', requires_grad=True)
base_model.model.backbone.encoder.layers.0.ff.0.biasParameter containing:
tensor([-0.0344, -0.0850, -0.0003, -0.0121, -0.0628, -0.0279,  0.0274,  0.0501,
         0.0165,  0.0294, -0.0132, -0.0054, -0.0390, -0.0753,  0.0092, -0.0418,
         0.0689, -0.0805, -0.0424, -0.0597, -0.0613, -0.0605,  0.0055,  0.0762,
         0.0146,  0.0402, -0.0041,  0.0821,  0.0691,  0.0735, -0.0284,  0.0023,
        -0.0766, -0.0576,  0.0333,  0.0839, -0.0558,  0.0099,  0.0789,  0.0074,
         0.0832, -0.0444, -0.0630,  0.0581,  0.0552,  0.0867, -0.0140,  0.0476,
         0.0400, -0.0705, -0.0284, -0.0046,  0.0874, -0.0726, -0.0075, -0.0411,
         0.0513, -0.0411,  0.0540, -0.0660, -0.0491,  0.0249, -0.0262,  0.0832,
         0.0021, -0.0106,  0.0755,  0.0427,  0.0826,  0.0176, -0.0880,  0.0725,
        -0.0130, -0.0241, -0.0849,  0.0520, -0.0454, -0.0253,  0.0029,  0.0180,
         0.0674, -0.0220, -0.0076,  0.0804, -0.0758, -0.0843,  0.0099,  0.0830,
         0.0477, -0.0655,  0.0203, -0.0266, -0.0273,  0.0415,  0.0516, -0.0544,
         0.0664,  0.0255, -0.0842, -0.0070,  0.0691,  0.0320,  0.0034, -0.0392,
         0.0706,  0.0870,  0.0804, -0.0278,  0.0552,  0.0524,  0.0460,  0.0797,
         0.0577,  0.0757, -0.0733, -0.0761, -0.0173, -0.0690,  0.0088, -0.0619,
         0.0319,  0.0135, -0.0229,  0.0496,  0.0299,  0.0282,  0.0586, -0.0531,
         0.0643,  0.0676,  0.0577,  0.0639,  0.0788,  0.0142,  0.0216, -0.0252,
         0.0777, -0.0232,  0.0116,  0.0395, -0.0264,  0.0240, -0.0734, -0.0378,
        -0.0270, -0.0749, -0.0500, -0.0847,  0.0188,  0.0561,  0.0747,  0.0151,
        -0.0196,  0.0698,  0.0434,  0.0514, -0.0640, -0.0455, -0.0770, -0.0051,
        -0.0493,  0.0539,  0.0203,  0.0315,  0.0041,  0.0697,  0.0273,  0.0641,
        -0.0865,  0.0877, -0.0613, -0.0542, -0.0244, -0.0245, -0.0151, -0.0398,
        -0.0595, -0.0102,  0.0315,  0.0488, -0.0298, -0.0105,  0.0299,  0.0432,
         0.0122,  0.0458,  0.0180,  0.0735,  0.0090,  0.0364,  0.0756,  0.0784,
         0.0312, -0.0156,  0.0693, -0.0798, -0.0669, -0.0218, -0.0684,  0.0578,
        -0.0510, -0.0501,  0.0209, -0.0860,  0.0560,  0.0579, -0.0573, -0.0185,
        -0.0833,  0.0872,  0.0571,  0.0851, -0.0555, -0.0485, -0.0157,  0.0556,
        -0.0769,  0.0102,  0.0249,  0.0430,  0.0460,  0.0630,  0.0183,  0.0795,
         0.0386,  0.0819,  0.0816, -0.0586,  0.0138,  0.0879,  0.0737, -0.0242,
         0.0255,  0.0709,  0.0244,  0.0089, -0.0608,  0.0675,  0.0661, -0.0144,
         0.0335, -0.0244,  0.0485,  0.0835,  0.0748,  0.0565,  0.0821,  0.0420,
        -0.0420, -0.0569,  0.0456, -0.0156,  0.0135, -0.0359, -0.0573, -0.0614],
       device='cuda:1', requires_grad=True)
base_model.model.backbone.encoder.layers.0.ff.3.weightParameter containing:
tensor([[-0.0291,  0.0372, -0.0377,  ...,  0.0157, -0.0169,  0.0621],
        [-0.0595, -0.0054,  0.0177,  ..., -0.0016,  0.0322,  0.0533],
        [ 0.0067, -0.0435, -0.0075,  ...,  0.0113, -0.0473,  0.0570],
        ...,
        [-0.0356,  0.0165, -0.0194,  ..., -0.0091, -0.0015,  0.0081],
        [ 0.0197,  0.0380, -0.0314,  ...,  0.0259, -0.0534,  0.0188],
        [ 0.0510,  0.0080,  0.0532,  ..., -0.0303,  0.0154,  0.0455]],
       device='cuda:1', requires_grad=True)
base_model.model.backbone.encoder.layers.0.ff.3.biasParameter containing:
tensor([-0.0338, -0.0077, -0.0399,  0.0576, -0.0446,  0.0393,  0.0381,  0.0284,
         0.0233,  0.0426,  0.0075, -0.0104,  0.0296,  0.0256,  0.0599,  0.0053,
         0.0182, -0.0558,  0.0322, -0.0089,  0.0105,  0.0089,  0.0506, -0.0435,
         0.0144,  0.0113,  0.0177, -0.0113, -0.0346, -0.0050,  0.0122,  0.0481,
         0.0133,  0.0404,  0.0090,  0.0187, -0.0022, -0.0404, -0.0460, -0.0593,
         0.0428, -0.0108,  0.0014, -0.0541, -0.0595, -0.0488,  0.0226, -0.0109,
        -0.0563, -0.0157,  0.0603, -0.0437,  0.0514, -0.0443, -0.0300, -0.0250,
        -0.0106,  0.0240,  0.0169,  0.0423,  0.0266, -0.0162,  0.0112,  0.0350,
         0.0078,  0.0267, -0.0051, -0.0502,  0.0329, -0.0316,  0.0068, -0.0384,
        -0.0405, -0.0022, -0.0446, -0.0550, -0.0317, -0.0560,  0.0416, -0.0159,
         0.0377, -0.0007, -0.0617,  0.0008,  0.0459, -0.0536, -0.0462,  0.0606,
         0.0010,  0.0059,  0.0045,  0.0253, -0.0498,  0.0221, -0.0332,  0.0185,
         0.0039, -0.0014,  0.0210, -0.0474,  0.0022, -0.0583,  0.0092,  0.0186,
         0.0562, -0.0040, -0.0282, -0.0214, -0.0256,  0.0367,  0.0204, -0.0223,
        -0.0218,  0.0424,  0.0622, -0.0376,  0.0168,  0.0160,  0.0010, -0.0078,
        -0.0405,  0.0386, -0.0166, -0.0443,  0.0278,  0.0590,  0.0028, -0.0212],
       device='cuda:1', requires_grad=True)
base_model.model.backbone.encoder.layers.0.norm_ffn.1.weightParameter containing:
tensor([1., 1., 1., 1., 1., 1., 1., 1., 1., 1., 1., 1., 1., 1., 1., 1., 1., 1.,
        1., 1., 1., 1., 1., 1., 1., 1., 1., 1., 1., 1., 1., 1., 1., 1., 1., 1.,
        1., 1., 1., 1., 1., 1., 1., 1., 1., 1., 1., 1., 1., 1., 1., 1., 1., 1.,
        1., 1., 1., 1., 1., 1., 1., 1., 1., 1., 1., 1., 1., 1., 1., 1., 1., 1.,
        1., 1., 1., 1., 1., 1., 1., 1., 1., 1., 1., 1., 1., 1., 1., 1., 1., 1.,
        1., 1., 1., 1., 1., 1., 1., 1., 1., 1., 1., 1., 1., 1., 1., 1., 1., 1.,
        1., 1., 1., 1., 1., 1., 1., 1., 1., 1., 1., 1., 1., 1., 1., 1., 1., 1.,
        1., 1.], device='cuda:1', requires_grad=True)
base_model.model.backbone.encoder.layers.0.norm_ffn.1.biasParameter containing:
tensor([0., 0., 0., 0., 0., 0., 0., 0., 0., 0., 0., 0., 0., 0., 0., 0., 0., 0., 0., 0., 0., 0., 0., 0.,
        0., 0., 0., 0., 0., 0., 0., 0., 0., 0., 0., 0., 0., 0., 0., 0., 0., 0., 0., 0., 0., 0., 0., 0.,
        0., 0., 0., 0., 0., 0., 0., 0., 0., 0., 0., 0., 0., 0., 0., 0., 0., 0., 0., 0., 0., 0., 0., 0.,
        0., 0., 0., 0., 0., 0., 0., 0., 0., 0., 0., 0., 0., 0., 0., 0., 0., 0., 0., 0., 0., 0., 0., 0.,
        0., 0., 0., 0., 0., 0., 0., 0., 0., 0., 0., 0., 0., 0., 0., 0., 0., 0., 0., 0., 0., 0., 0., 0.,
        0., 0., 0., 0., 0., 0., 0., 0.], device='cuda:1', requires_grad=True)
base_model.model.backbone.encoder.layers.1.self_attn.W_Q.weightParameter containing:
tensor([[ 0.0029, -0.0374,  0.0594,  ...,  0.0884,  0.0245, -0.0507],
        [ 0.0854, -0.0596, -0.0863,  ...,  0.0190, -0.0698,  0.0678],
        [ 0.0636, -0.0298,  0.0578,  ..., -0.0575, -0.0590, -0.0201],
        ...,
        [-0.0192, -0.0514, -0.0773,  ...,  0.0764,  0.0537, -0.0271],
        [-0.0137,  0.0442,  0.0559,  ..., -0.0316,  0.0658,  0.0228],
        [-0.0109,  0.0050, -0.0789,  ..., -0.0511,  0.0193, -0.0702]],
       device='cuda:1', requires_grad=True)
base_model.model.backbone.encoder.layers.1.self_attn.W_Q.biasParameter containing:
tensor([-0.0845,  0.0211, -0.0045,  0.0085, -0.0389,  0.0835,  0.0820, -0.0459,
        -0.0461, -0.0670,  0.0435, -0.0342,  0.0045,  0.0035, -0.0237, -0.0298,
         0.0395, -0.0194,  0.0020, -0.0748,  0.0174, -0.0522,  0.0414, -0.0310,
         0.0322,  0.0804,  0.0638, -0.0446,  0.0296,  0.0305,  0.0396, -0.0214,
         0.0876, -0.0324,  0.0646, -0.0429,  0.0492,  0.0228, -0.0358,  0.0462,
        -0.0582, -0.0749, -0.0122,  0.0189, -0.0346,  0.0505,  0.0457,  0.0808,
        -0.0095,  0.0692, -0.0506,  0.0480, -0.0543, -0.0219, -0.0350, -0.0284,
        -0.0770,  0.0200,  0.0340, -0.0147,  0.0028, -0.0263, -0.0507, -0.0286,
        -0.0123, -0.0831,  0.0553, -0.0596,  0.0387, -0.0086,  0.0005, -0.0637,
        -0.0220, -0.0639,  0.0397, -0.0153, -0.0038,  0.0770, -0.0237,  0.0626,
        -0.0187, -0.0044, -0.0747,  0.0574, -0.0517,  0.0088, -0.0514,  0.0098,
        -0.0820,  0.0771, -0.0259,  0.0872, -0.0204, -0.0208, -0.0398,  0.0699,
        -0.0735,  0.0201,  0.0771, -0.0759,  0.0031, -0.0223,  0.0666, -0.0548,
         0.0830,  0.0414, -0.0863, -0.0500, -0.0556,  0.0883,  0.0263, -0.0611,
         0.0870,  0.0372,  0.0127, -0.0581,  0.0365, -0.0406,  0.0056, -0.0465,
         0.0479, -0.0462,  0.0289,  0.0049, -0.0224, -0.0845, -0.0614,  0.0416],
       device='cuda:1', requires_grad=True)
base_model.model.backbone.encoder.layers.1.self_attn.W_K.weightParameter containing:
tensor([[-0.0143, -0.0845,  0.0535,  ..., -0.0516, -0.0277,  0.0628],
        [-0.0805,  0.0083,  0.0306,  ...,  0.0146,  0.0384, -0.0806],
        [-0.0087, -0.0472, -0.0101,  ..., -0.0647, -0.0755, -0.0134],
        ...,
        [ 0.0728, -0.0869, -0.0304,  ...,  0.0423,  0.0705,  0.0219],
        [ 0.0503,  0.0513, -0.0097,  ..., -0.0792, -0.0323,  0.0361],
        [ 0.0706,  0.0061, -0.0227,  ..., -0.0103, -0.0036,  0.0099]],
       device='cuda:1', requires_grad=True)
base_model.model.backbone.encoder.layers.1.self_attn.W_K.biasParameter containing:
tensor([ 0.0873, -0.0494, -0.0219, -0.0704,  0.0862, -0.0290,  0.0426, -0.0279,
         0.0878,  0.0038,  0.0181, -0.0012, -0.0108, -0.0360,  0.0798, -0.0625,
        -0.0301, -0.0739, -0.0742,  0.0370,  0.0327, -0.0394,  0.0431, -0.0218,
         0.0479, -0.0278, -0.0590,  0.0398, -0.0882, -0.0633, -0.0834, -0.0512,
        -0.0427, -0.0156, -0.0345,  0.0857,  0.0488, -0.0068, -0.0651,  0.0823,
        -0.0544, -0.0621, -0.0685,  0.0577,  0.0524,  0.0565, -0.0404,  0.0700,
        -0.0224, -0.0858, -0.0450,  0.0095,  0.0067, -0.0487,  0.0662,  0.0066,
        -0.0317,  0.0587,  0.0868, -0.0167, -0.0452,  0.0399,  0.0532, -0.0514,
         0.0367,  0.0182,  0.0773, -0.0115,  0.0181, -0.0610,  0.0769, -0.0677,
         0.0090, -0.0251,  0.0397,  0.0270,  0.0066, -0.0794,  0.0606,  0.0650,
         0.0336, -0.0548,  0.0175, -0.0446, -0.0217,  0.0092,  0.0092, -0.0128,
        -0.0488,  0.0590, -0.0096, -0.0460, -0.0497, -0.0562,  0.0554,  0.0078,
         0.0265,  0.0402,  0.0263,  0.0045, -0.0651,  0.0076,  0.0370, -0.0730,
         0.0060,  0.0592,  0.0138,  0.0190, -0.0355,  0.0792,  0.0370, -0.0701,
         0.0804,  0.0779,  0.0288,  0.0562,  0.0513, -0.0045, -0.0390,  0.0692,
         0.0841,  0.0187,  0.0097,  0.0219,  0.0096, -0.0679,  0.0382,  0.0691],
       device='cuda:1', requires_grad=True)
base_model.model.backbone.encoder.layers.1.self_attn.W_V.weightParameter containing:
tensor([[ 0.0367,  0.0101,  0.0453,  ..., -0.0077, -0.0116, -0.0296],
        [-0.0529, -0.0695, -0.0368,  ..., -0.0672, -0.0181, -0.0236],
        [-0.0437, -0.0268,  0.0459,  ...,  0.0750,  0.0699, -0.0615],
        ...,
        [ 0.0569,  0.0051, -0.0050,  ..., -0.0856,  0.0587,  0.0053],
        [ 0.0658, -0.0028, -0.0755,  ...,  0.0171,  0.0591, -0.0061],
        [-0.0128,  0.0156, -0.0780,  ...,  0.0475, -0.0529,  0.0844]],
       device='cuda:1', requires_grad=True)
base_model.model.backbone.encoder.layers.1.self_attn.W_V.biasParameter containing:
tensor([ 0.0005,  0.0456, -0.0859,  0.0511, -0.0764, -0.0775, -0.0100,  0.0165,
        -0.0304, -0.0776,  0.0223,  0.0639, -0.0883,  0.0529,  0.0856, -0.0114,
         0.0578,  0.0733,  0.0655, -0.0084,  0.0489,  0.0824, -0.0246,  0.0210,
        -0.0264, -0.0122, -0.0124, -0.0308,  0.0104,  0.0565, -0.0104,  0.0822,
        -0.0265,  0.0519, -0.0299,  0.0170,  0.0568,  0.0087, -0.0312, -0.0589,
         0.0430, -0.0644, -0.0802, -0.0871, -0.0326, -0.0188, -0.0838, -0.0261,
        -0.0181, -0.0282,  0.0348,  0.0327, -0.0779,  0.0171,  0.0685,  0.0122,
         0.0858,  0.0556, -0.0408, -0.0855,  0.0180, -0.0685,  0.0501,  0.0643,
         0.0872, -0.0263, -0.0802, -0.0084, -0.0459, -0.0208,  0.0054, -0.0479,
         0.0439, -0.0174,  0.0394,  0.0455, -0.0682,  0.0447,  0.0161,  0.0287,
         0.0698, -0.0292, -0.0380,  0.0140, -0.0281, -0.0317, -0.0074,  0.0165,
        -0.0474,  0.0483,  0.0584, -0.0058,  0.0182, -0.0316,  0.0678, -0.0722,
        -0.0015, -0.0047,  0.0301,  0.0633, -0.0449, -0.0824, -0.0185, -0.0614,
         0.0514,  0.0069, -0.0537,  0.0791,  0.0595,  0.0177,  0.0195, -0.0737,
         0.0739, -0.0015,  0.0287, -0.0622, -0.0230,  0.0548,  0.0344,  0.0511,
         0.0881,  0.0213,  0.0401, -0.0196, -0.0814, -0.0270, -0.0877,  0.0433],
       device='cuda:1', requires_grad=True)
base_model.model.backbone.encoder.layers.1.self_attn.sdp_attn.scaleParameter containing:
tensor(0.3536, device='cuda:1')
base_model.model.backbone.encoder.layers.1.self_attn.to_out.0.weightParameter containing:
tensor([[-0.0174, -0.0864,  0.0583,  ...,  0.0606,  0.0188,  0.0429],
        [ 0.0880,  0.0671,  0.0849,  ..., -0.0600, -0.0689,  0.0091],
        [ 0.0348, -0.0448, -0.0190,  ..., -0.0297, -0.0035,  0.0187],
        ...,
        [-0.0809,  0.0403,  0.0229,  ...,  0.0850, -0.0008, -0.0408],
        [-0.0337, -0.0552,  0.0016,  ...,  0.0859, -0.0136, -0.0627],
        [-0.0607,  0.0712,  0.0577,  ...,  0.0511, -0.0482, -0.0646]],
       device='cuda:1', requires_grad=True)
base_model.model.backbone.encoder.layers.1.self_attn.to_out.0.biasParameter containing:
tensor([ 0.0006,  0.0099,  0.0598, -0.0164, -0.0579,  0.0159, -0.0854,  0.0095,
         0.0471,  0.0520,  0.0378,  0.0649, -0.0641,  0.0569, -0.0146, -0.0685,
        -0.0592,  0.0712,  0.0431, -0.0309, -0.0083,  0.0587, -0.0191,  0.0844,
        -0.0164, -0.0477, -0.0806, -0.0152, -0.0344,  0.0465, -0.0256,  0.0112,
        -0.0174, -0.0673,  0.0476, -0.0153, -0.0116,  0.0732, -0.0067, -0.0734,
        -0.0269, -0.0407, -0.0711, -0.0470, -0.0529,  0.0819, -0.0848, -0.0480,
         0.0745, -0.0641,  0.0049,  0.0685,  0.0072, -0.0817, -0.0629,  0.0118,
         0.0427, -0.0540, -0.0795,  0.0739, -0.0087,  0.0342, -0.0555,  0.0215,
        -0.0465, -0.0509,  0.0542,  0.0414, -0.0024,  0.0693,  0.0533, -0.0266,
         0.0517, -0.0678, -0.0784,  0.0325, -0.0180,  0.0265, -0.0312,  0.0840,
        -0.0258,  0.0480,  0.0413,  0.0145, -0.0298,  0.0654, -0.0497,  0.0535,
        -0.0619,  0.0806,  0.0142,  0.0080,  0.0405, -0.0269, -0.0462, -0.0703,
        -0.0587,  0.0218,  0.0624,  0.0490, -0.0402,  0.0867,  0.0548,  0.0272,
         0.0328, -0.0401,  0.0106, -0.0842,  0.0037, -0.0299, -0.0216, -0.0512,
        -0.0855, -0.0526, -0.0092, -0.0682, -0.0428, -0.0547,  0.0588,  0.0096,
        -0.0459, -0.0476, -0.0532, -0.0040, -0.0100, -0.0596,  0.0778, -0.0594],
       device='cuda:1', requires_grad=True)
base_model.model.backbone.encoder.layers.1.norm_attn.1.weightParameter containing:
tensor([1., 1., 1., 1., 1., 1., 1., 1., 1., 1., 1., 1., 1., 1., 1., 1., 1., 1.,
        1., 1., 1., 1., 1., 1., 1., 1., 1., 1., 1., 1., 1., 1., 1., 1., 1., 1.,
        1., 1., 1., 1., 1., 1., 1., 1., 1., 1., 1., 1., 1., 1., 1., 1., 1., 1.,
        1., 1., 1., 1., 1., 1., 1., 1., 1., 1., 1., 1., 1., 1., 1., 1., 1., 1.,
        1., 1., 1., 1., 1., 1., 1., 1., 1., 1., 1., 1., 1., 1., 1., 1., 1., 1.,
        1., 1., 1., 1., 1., 1., 1., 1., 1., 1., 1., 1., 1., 1., 1., 1., 1., 1.,
        1., 1., 1., 1., 1., 1., 1., 1., 1., 1., 1., 1., 1., 1., 1., 1., 1., 1.,
        1., 1.], device='cuda:1', requires_grad=True)
base_model.model.backbone.encoder.layers.1.norm_attn.1.biasParameter containing:
tensor([0., 0., 0., 0., 0., 0., 0., 0., 0., 0., 0., 0., 0., 0., 0., 0., 0., 0., 0., 0., 0., 0., 0., 0.,
        0., 0., 0., 0., 0., 0., 0., 0., 0., 0., 0., 0., 0., 0., 0., 0., 0., 0., 0., 0., 0., 0., 0., 0.,
        0., 0., 0., 0., 0., 0., 0., 0., 0., 0., 0., 0., 0., 0., 0., 0., 0., 0., 0., 0., 0., 0., 0., 0.,
        0., 0., 0., 0., 0., 0., 0., 0., 0., 0., 0., 0., 0., 0., 0., 0., 0., 0., 0., 0., 0., 0., 0., 0.,
        0., 0., 0., 0., 0., 0., 0., 0., 0., 0., 0., 0., 0., 0., 0., 0., 0., 0., 0., 0., 0., 0., 0., 0.,
        0., 0., 0., 0., 0., 0., 0., 0.], device='cuda:1', requires_grad=True)
base_model.model.backbone.encoder.layers.1.ff.0.weightParameter containing:
tensor([[-0.0582, -0.0426,  0.0054,  ..., -0.0297,  0.0192, -0.0598],
        [ 0.0288,  0.0233,  0.0666,  ...,  0.0337,  0.0809,  0.0440],
        [-0.0606,  0.0746,  0.0868,  ..., -0.0542,  0.0160, -0.0695],
        ...,
        [-0.0735, -0.0759,  0.0602,  ...,  0.0516, -0.0305, -0.0828],
        [-0.0753, -0.0085, -0.0331,  ...,  0.0024,  0.0816,  0.0878],
        [ 0.0619, -0.0378,  0.0231,  ...,  0.0414,  0.0664,  0.0783]],
       device='cuda:1', requires_grad=True)
base_model.model.backbone.encoder.layers.1.ff.0.biasParameter containing:
tensor([ 0.0764, -0.0851,  0.0239, -0.0818,  0.0277,  0.0530,  0.0202, -0.0431,
        -0.0688,  0.0154, -0.0122, -0.0055, -0.0718,  0.0712,  0.0674, -0.0523,
        -0.0348,  0.0689, -0.0689, -0.0608, -0.0761, -0.0291, -0.0222,  0.0682,
        -0.0807,  0.0570, -0.0378,  0.0198,  0.0252,  0.0651,  0.0475, -0.0321,
        -0.0609, -0.0799,  0.0188,  0.0844,  0.0005,  0.0841, -0.0461, -0.0470,
         0.0697,  0.0169,  0.0148, -0.0031,  0.0177, -0.0249,  0.0176, -0.0699,
         0.0457,  0.0360, -0.0413, -0.0367,  0.0415,  0.0523, -0.0734, -0.0173,
         0.0686, -0.0520, -0.0388, -0.0718, -0.0691, -0.0429,  0.0068,  0.0308,
         0.0877, -0.0383, -0.0710, -0.0409, -0.0415, -0.0837, -0.0316,  0.0641,
         0.0726, -0.0060, -0.0190, -0.0675, -0.0585,  0.0546, -0.0518, -0.0450,
         0.0510,  0.0113,  0.0118, -0.0354, -0.0443,  0.0037, -0.0518,  0.0214,
         0.0295,  0.0306,  0.0618, -0.0021, -0.0184,  0.0053, -0.0240,  0.0692,
         0.0550,  0.0521, -0.0521,  0.0094, -0.0720,  0.0036,  0.0311, -0.0304,
        -0.0022,  0.0086, -0.0686,  0.0329, -0.0268, -0.0017, -0.0244, -0.0180,
        -0.0687, -0.0805, -0.0259, -0.0790,  0.0048,  0.0324,  0.0460,  0.0769,
        -0.0151, -0.0633,  0.0625,  0.0822, -0.0574,  0.0751,  0.0110, -0.0309,
        -0.0064, -0.0494,  0.0152, -0.0088, -0.0079, -0.0163, -0.0431, -0.0303,
         0.0045, -0.0193,  0.0309,  0.0268, -0.0134, -0.0114, -0.0408,  0.0775,
         0.0318,  0.0150, -0.0234,  0.0652, -0.0333, -0.0564, -0.0789,  0.0748,
        -0.0731, -0.0467,  0.0625,  0.0507, -0.0443,  0.0363, -0.0027, -0.0802,
         0.0746,  0.0884,  0.0470,  0.0485,  0.0245, -0.0780,  0.0048,  0.0090,
         0.0528, -0.0850,  0.0317,  0.0193,  0.0203, -0.0199, -0.0549,  0.0162,
         0.0249, -0.0710,  0.0031, -0.0265, -0.0705,  0.0320,  0.0419,  0.0618,
         0.0694,  0.0660,  0.0509,  0.0681, -0.0179, -0.0592,  0.0752,  0.0367,
         0.0442,  0.0702,  0.0718,  0.0221,  0.0295,  0.0046,  0.0609, -0.0298,
        -0.0826, -0.0715, -0.0370,  0.0301, -0.0176, -0.0457,  0.0686,  0.0740,
         0.0619,  0.0175,  0.0392, -0.0093, -0.0467,  0.0119,  0.0271, -0.0415,
        -0.0706,  0.0332,  0.0231, -0.0438, -0.0112,  0.0343, -0.0434, -0.0794,
         0.0307, -0.0240,  0.0427,  0.0402, -0.0298,  0.0184, -0.0290,  0.0581,
        -0.0126,  0.0545,  0.0221, -0.0268,  0.0334, -0.0211,  0.0696, -0.0217,
        -0.0190,  0.0594, -0.0769, -0.0445,  0.0532, -0.0516,  0.0490,  0.0021,
         0.0017,  0.0817, -0.0160,  0.0289, -0.0660, -0.0516, -0.0555, -0.0065],
       device='cuda:1', requires_grad=True)
base_model.model.backbone.encoder.layers.1.ff.3.weightParameter containing:
tensor([[-1.7270e-02, -2.3034e-03, -3.6782e-02,  ...,  1.1672e-02,
         -5.4686e-02,  2.6592e-02],
        [ 4.1751e-02, -4.8426e-02,  6.0843e-02,  ...,  7.9408e-05,
         -2.5873e-02,  4.3110e-02],
        [-2.8008e-02, -3.0518e-02,  5.7518e-02,  ...,  5.8411e-02,
          5.0383e-02,  5.1978e-02],
        ...,
        [ 4.5137e-02, -4.3576e-02, -1.7171e-02,  ...,  3.4226e-02,
         -3.7753e-03, -3.2408e-02],
        [-3.1877e-02, -1.4866e-02,  5.8003e-03,  ...,  5.9173e-02,
          5.7608e-02,  1.3853e-02],
        [-2.8003e-02, -2.1961e-03,  3.5186e-02,  ..., -4.8322e-02,
          5.1156e-02,  4.7246e-02]], device='cuda:1', requires_grad=True)
base_model.model.backbone.encoder.layers.1.ff.3.biasParameter containing:
tensor([-0.0189, -0.0274,  0.0218,  0.0090,  0.0384,  0.0586, -0.0045, -0.0553,
         0.0299,  0.0446,  0.0379, -0.0241,  0.0503,  0.0558, -0.0553,  0.0432,
        -0.0615,  0.0527, -0.0443, -0.0364, -0.0064, -0.0052,  0.0487,  0.0554,
         0.0223, -0.0493, -0.0468,  0.0235, -0.0392, -0.0189, -0.0610, -0.0071,
        -0.0093,  0.0564, -0.0360,  0.0297,  0.0060, -0.0111, -0.0545, -0.0098,
        -0.0154, -0.0398, -0.0477,  0.0368, -0.0032,  0.0206,  0.0386,  0.0166,
         0.0415, -0.0355,  0.0076,  0.0044, -0.0057, -0.0290, -0.0474, -0.0169,
        -0.0046,  0.0479,  0.0544,  0.0216, -0.0485, -0.0141, -0.0574,  0.0046,
        -0.0335,  0.0079, -0.0452,  0.0109, -0.0620, -0.0568,  0.0361, -0.0566,
        -0.0058,  0.0121, -0.0381,  0.0432,  0.0299, -0.0080, -0.0038,  0.0098,
        -0.0385, -0.0152,  0.0417, -0.0390,  0.0276,  0.0414,  0.0066, -0.0240,
        -0.0559,  0.0316, -0.0531, -0.0256,  0.0130,  0.0585,  0.0097,  0.0154,
         0.0435,  0.0057,  0.0281,  0.0427,  0.0252, -0.0208, -0.0145,  0.0294,
         0.0492,  0.0057,  0.0406,  0.0494,  0.0464,  0.0392, -0.0378, -0.0032,
         0.0504,  0.0243, -0.0266, -0.0314, -0.0304, -0.0477,  0.0529,  0.0067,
        -0.0114, -0.0224, -0.0095,  0.0124, -0.0066,  0.0285,  0.0215,  0.0178],
       device='cuda:1', requires_grad=True)
base_model.model.backbone.encoder.layers.1.norm_ffn.1.weightParameter containing:
tensor([1., 1., 1., 1., 1., 1., 1., 1., 1., 1., 1., 1., 1., 1., 1., 1., 1., 1.,
        1., 1., 1., 1., 1., 1., 1., 1., 1., 1., 1., 1., 1., 1., 1., 1., 1., 1.,
        1., 1., 1., 1., 1., 1., 1., 1., 1., 1., 1., 1., 1., 1., 1., 1., 1., 1.,
        1., 1., 1., 1., 1., 1., 1., 1., 1., 1., 1., 1., 1., 1., 1., 1., 1., 1.,
        1., 1., 1., 1., 1., 1., 1., 1., 1., 1., 1., 1., 1., 1., 1., 1., 1., 1.,
        1., 1., 1., 1., 1., 1., 1., 1., 1., 1., 1., 1., 1., 1., 1., 1., 1., 1.,
        1., 1., 1., 1., 1., 1., 1., 1., 1., 1., 1., 1., 1., 1., 1., 1., 1., 1.,
        1., 1.], device='cuda:1', requires_grad=True)
base_model.model.backbone.encoder.layers.1.norm_ffn.1.biasParameter containing:
tensor([0., 0., 0., 0., 0., 0., 0., 0., 0., 0., 0., 0., 0., 0., 0., 0., 0., 0., 0., 0., 0., 0., 0., 0.,
        0., 0., 0., 0., 0., 0., 0., 0., 0., 0., 0., 0., 0., 0., 0., 0., 0., 0., 0., 0., 0., 0., 0., 0.,
        0., 0., 0., 0., 0., 0., 0., 0., 0., 0., 0., 0., 0., 0., 0., 0., 0., 0., 0., 0., 0., 0., 0., 0.,
        0., 0., 0., 0., 0., 0., 0., 0., 0., 0., 0., 0., 0., 0., 0., 0., 0., 0., 0., 0., 0., 0., 0., 0.,
        0., 0., 0., 0., 0., 0., 0., 0., 0., 0., 0., 0., 0., 0., 0., 0., 0., 0., 0., 0., 0., 0., 0., 0.,
        0., 0., 0., 0., 0., 0., 0., 0.], device='cuda:1', requires_grad=True)
base_model.model.backbone.encoder.layers.2.self_attn.W_Q.weightParameter containing:
tensor([[-0.0624,  0.0802, -0.0304,  ..., -0.0366,  0.0228, -0.0152],
        [-0.0371, -0.0347,  0.0473,  ..., -0.0727,  0.0652, -0.0135],
        [ 0.0072, -0.0301,  0.0767,  ..., -0.0831,  0.0149, -0.0256],
        ...,
        [-0.0060,  0.0199,  0.0104,  ...,  0.0334,  0.0685, -0.0539],
        [ 0.0507, -0.0027,  0.0410,  ...,  0.0710,  0.0795, -0.0262],
        [-0.0498,  0.0003,  0.0047,  ..., -0.0190, -0.0282, -0.0207]],
       device='cuda:1', requires_grad=True)
base_model.model.backbone.encoder.layers.2.self_attn.W_Q.biasParameter containing:
tensor([ 7.3606e-02, -4.9369e-02,  8.7332e-02,  1.3897e-02, -6.7800e-02,
         1.7947e-02,  3.8381e-02,  1.8418e-02,  3.8824e-02, -7.3822e-02,
         7.4695e-02, -8.1155e-02,  6.1389e-02,  5.3013e-02,  7.8660e-02,
         5.3101e-02, -4.9409e-02,  7.6361e-02, -8.4799e-02,  5.0943e-02,
         3.1835e-02, -1.9390e-02, -8.1540e-02, -8.5190e-03, -3.6969e-02,
         2.1391e-02,  3.0817e-03, -6.5350e-02,  1.4367e-02, -8.5646e-02,
         5.9155e-02,  1.4461e-02, -4.1183e-02,  6.8844e-02,  3.7124e-02,
        -5.5935e-02, -5.9074e-02, -7.9121e-02,  8.7467e-02,  5.8955e-02,
         1.1014e-02, -8.6559e-02, -4.3356e-02, -5.9917e-02, -3.4526e-02,
         6.7177e-03, -2.2756e-02,  4.6687e-02, -2.3418e-02,  6.4082e-02,
        -8.4948e-02, -5.0523e-02, -3.9153e-02,  2.2441e-02, -1.6503e-02,
         5.1826e-02, -4.1972e-02, -7.9367e-03,  8.4015e-02,  3.9706e-02,
        -1.6764e-02,  4.3571e-03, -4.7518e-02,  4.3136e-02, -2.3427e-02,
        -3.7515e-02,  2.2377e-02, -9.5664e-03,  2.3998e-02,  8.7265e-03,
         7.3293e-02, -7.2671e-02,  8.4578e-02, -8.5966e-02, -2.0538e-02,
        -4.6744e-02, -5.9427e-02,  6.4376e-02, -8.6606e-02,  4.7357e-02,
         8.5568e-02,  4.7146e-02,  3.9877e-02,  2.3149e-02,  1.3918e-03,
        -5.6081e-02,  8.6195e-02,  5.3011e-02, -8.6323e-02,  8.1743e-02,
         2.2191e-02,  9.8475e-03, -1.7643e-02, -2.6391e-02,  1.9965e-02,
         6.2063e-02, -3.2060e-02,  6.5599e-02, -2.5953e-02,  7.6113e-02,
        -5.9013e-02,  2.3168e-02, -3.2582e-02, -3.0178e-02, -8.9665e-03,
         5.5175e-02,  8.8726e-03,  1.3580e-02,  6.9481e-02, -4.3144e-02,
         6.7903e-02, -7.7047e-02, -7.2925e-02, -4.4588e-02,  8.1544e-05,
        -6.3940e-02, -4.3252e-02, -4.0718e-03, -1.8390e-02, -2.6595e-02,
        -1.2729e-02, -4.4531e-02,  2.4008e-02, -3.1655e-02, -8.7743e-02,
        -4.4583e-02, -4.4233e-02, -3.5500e-02], device='cuda:1',
       requires_grad=True)
base_model.model.backbone.encoder.layers.2.self_attn.W_K.weightParameter containing:
tensor([[-3.0754e-02,  3.8383e-02, -5.9461e-02,  ..., -2.6031e-02,
          1.0610e-03,  7.0905e-02],
        [ 1.5877e-02,  6.3016e-02,  1.0359e-02,  ..., -1.3748e-02,
         -5.5008e-02, -5.6856e-03],
        [-8.7095e-02,  2.9516e-02, -4.7243e-02,  ...,  2.0694e-02,
         -6.1083e-02, -7.0636e-02],
        ...,
        [-7.0024e-02, -3.7621e-02, -6.1990e-02,  ..., -5.4550e-02,
         -6.6095e-03,  2.1606e-02],
        [-5.6003e-02,  2.3669e-02,  6.6935e-02,  ..., -1.9593e-02,
          8.5861e-02, -6.2770e-02],
        [-2.4140e-02,  5.8229e-02, -4.3439e-02,  ...,  1.4356e-03,
         -1.1501e-02, -7.7118e-05]], device='cuda:1', requires_grad=True)
base_model.model.backbone.encoder.layers.2.self_attn.W_K.biasParameter containing:
tensor([ 0.0784, -0.0039,  0.0102, -0.0378, -0.0730, -0.0786,  0.0226,  0.0291,
         0.0277,  0.0308, -0.0117, -0.0256, -0.0752,  0.0092,  0.0218, -0.0605,
        -0.0292,  0.0365,  0.0110, -0.0559, -0.0548,  0.0379, -0.0769,  0.0480,
         0.0525,  0.0687,  0.0078, -0.0151,  0.0045,  0.0746,  0.0325, -0.0829,
         0.0216, -0.0424,  0.0012, -0.0336, -0.0600,  0.0476,  0.0211, -0.0729,
         0.0473,  0.0650,  0.0220, -0.0360, -0.0654,  0.0236,  0.0415,  0.0781,
        -0.0499,  0.0456, -0.0450, -0.0241,  0.0328, -0.0409,  0.0030, -0.0207,
         0.0755, -0.0239, -0.0040, -0.0466,  0.0057,  0.0304,  0.0263, -0.0070,
        -0.0833,  0.0044,  0.0114,  0.0555, -0.0753, -0.0105,  0.0122,  0.0468,
        -0.0166,  0.0320,  0.0397, -0.0801, -0.0440,  0.0347, -0.0138,  0.0630,
         0.0443,  0.0745, -0.0748,  0.0137,  0.0390, -0.0799,  0.0808, -0.0412,
         0.0125,  0.0445, -0.0629, -0.0587,  0.0006, -0.0002,  0.0027, -0.0164,
         0.0024, -0.0243, -0.0603,  0.0560,  0.0447,  0.0724,  0.0385,  0.0142,
        -0.0308, -0.0604,  0.0032, -0.0469, -0.0260,  0.0845, -0.0871, -0.0868,
         0.0035,  0.0334, -0.0306,  0.0557, -0.0292,  0.0342,  0.0878, -0.0358,
         0.0167, -0.0482, -0.0176, -0.0456,  0.0384, -0.0184,  0.0230,  0.0021],
       device='cuda:1', requires_grad=True)
base_model.model.backbone.encoder.layers.2.self_attn.W_V.weightParameter containing:
tensor([[ 0.0745,  0.0492,  0.0794,  ..., -0.0240, -0.0641, -0.0346],
        [ 0.0570, -0.0141, -0.0128,  ..., -0.0249, -0.0735, -0.0746],
        [ 0.0840, -0.0854, -0.0716,  ...,  0.0734,  0.0124, -0.0249],
        ...,
        [ 0.0264, -0.0198,  0.0813,  ..., -0.0021, -0.0129,  0.0721],
        [-0.0335,  0.0122,  0.0476,  ...,  0.0127,  0.0757,  0.0602],
        [-0.0554, -0.0092, -0.0178,  ...,  0.0097,  0.0343, -0.0187]],
       device='cuda:1', requires_grad=True)
base_model.model.backbone.encoder.layers.2.self_attn.W_V.biasParameter containing:
tensor([ 1.4051e-02, -6.2508e-02,  6.6317e-03,  8.2239e-02,  7.0415e-02,
        -1.3729e-02, -8.6450e-02, -7.0383e-02,  7.8224e-02,  3.3374e-02,
         1.3238e-02,  7.0625e-02,  3.5827e-02,  7.4444e-02,  7.9093e-02,
        -3.1557e-02,  7.4548e-02,  4.1927e-02, -1.2696e-02, -3.1306e-03,
         5.4083e-02, -3.1432e-03,  3.1732e-03, -6.9040e-02,  3.1291e-02,
        -5.1791e-02, -5.6315e-02, -4.1322e-02,  6.2445e-02, -2.2654e-06,
        -2.0506e-03, -1.3911e-02,  8.3056e-02,  2.1519e-04, -1.6733e-02,
        -2.2374e-02,  3.7828e-02, -7.6943e-03,  1.3793e-02,  1.0686e-02,
         7.6269e-02,  3.4357e-02, -5.6241e-03, -2.0960e-02,  4.2759e-02,
        -4.1876e-02,  8.3637e-02,  6.9073e-02,  5.3374e-02, -3.7086e-02,
        -4.0860e-02, -3.3693e-02, -8.0099e-02,  2.0807e-02, -2.0354e-02,
         7.2016e-02, -5.2848e-02,  2.4724e-02, -6.5020e-02,  1.9376e-02,
        -7.3964e-03,  2.8077e-02,  8.4145e-02,  2.4336e-02,  5.3230e-02,
        -5.3890e-02,  4.5436e-02, -3.0982e-02, -8.1531e-02, -5.1817e-02,
         4.5627e-02, -8.3847e-02, -4.1374e-02, -3.7731e-02, -5.5131e-03,
        -2.5461e-02,  4.0184e-02,  3.9015e-02,  1.8440e-02,  6.9662e-02,
         5.7979e-02, -4.2623e-02, -8.7101e-02,  6.0534e-02,  8.6480e-03,
        -4.0550e-02, -5.4367e-02, -3.8375e-02, -8.4367e-02, -1.8312e-03,
         7.7672e-02, -4.8464e-02, -6.2030e-02,  2.0896e-02,  5.9772e-02,
         2.8942e-03,  2.9215e-03, -2.2635e-02, -2.0747e-02,  6.5711e-03,
         2.9094e-02,  1.1050e-02, -7.5362e-02, -7.0805e-02, -1.8106e-02,
        -3.0748e-02,  5.1369e-02,  8.5981e-03, -4.3911e-02, -7.6713e-02,
        -4.1314e-03, -6.4065e-02,  8.7762e-02,  8.2459e-02,  1.3035e-02,
        -8.0949e-02,  8.0514e-02, -6.0229e-02, -2.6452e-03, -1.2911e-03,
        -1.7257e-02,  1.4828e-03, -4.4304e-02, -7.1703e-03,  6.4775e-03,
        -2.5240e-03,  1.0698e-02, -3.2275e-02], device='cuda:1',
       requires_grad=True)
base_model.model.backbone.encoder.layers.2.self_attn.sdp_attn.scaleParameter containing:
tensor(0.3536, device='cuda:1')
base_model.model.backbone.encoder.layers.2.self_attn.to_out.0.weightParameter containing:
tensor([[ 0.0572, -0.0631, -0.0493,  ...,  0.0306,  0.0241, -0.0622],
        [ 0.0649, -0.0251,  0.0197,  ..., -0.0406,  0.0108,  0.0671],
        [ 0.0830, -0.0084,  0.0469,  ...,  0.0612, -0.0131,  0.0743],
        ...,
        [ 0.0560, -0.0549, -0.0749,  ...,  0.0278,  0.0782, -0.0094],
        [ 0.0835,  0.0082, -0.0766,  ..., -0.0814,  0.0064, -0.0878],
        [-0.0488,  0.0443, -0.0044,  ..., -0.0115,  0.0377, -0.0857]],
       device='cuda:1', requires_grad=True)
base_model.model.backbone.encoder.layers.2.self_attn.to_out.0.biasParameter containing:
tensor([ 3.6264e-02, -7.0663e-02,  7.7256e-02, -7.6133e-02, -3.6287e-02,
        -5.7095e-02,  6.9040e-02, -8.3336e-02,  4.7073e-02,  2.0217e-02,
         8.1280e-02, -7.7734e-03,  1.6084e-02, -1.8030e-02, -1.5781e-02,
        -4.6151e-02,  1.9834e-02, -6.2490e-02,  6.8210e-02, -6.7238e-02,
         4.5533e-02, -3.0282e-02, -6.2685e-02,  6.5902e-02, -6.1799e-02,
         1.4852e-03, -4.4414e-02,  4.9723e-02, -5.0158e-03,  1.9503e-02,
         4.5125e-02, -7.0299e-02, -3.5112e-02, -7.9375e-02, -5.9265e-02,
        -9.3331e-03,  1.7354e-02,  2.9504e-02,  6.2032e-02, -8.5024e-02,
         6.1853e-02,  2.6521e-02,  4.4342e-02, -3.2890e-02, -4.9328e-02,
         3.5068e-02,  9.7907e-03,  1.5560e-02, -7.1454e-02,  1.6905e-03,
         8.4346e-02,  7.4330e-03, -9.7944e-03, -6.2177e-04, -8.0622e-02,
         5.5194e-03,  1.7359e-02,  4.3186e-02, -4.4095e-02,  6.7825e-02,
        -8.8276e-02,  2.5577e-02,  3.2508e-02, -8.3973e-02, -4.5246e-02,
        -2.7595e-02,  5.9131e-02,  4.8529e-02, -6.5730e-02, -7.1244e-02,
        -3.3149e-02, -7.7301e-02, -7.5010e-02, -6.4755e-02,  7.1052e-02,
         4.1299e-02,  7.5756e-02,  6.6554e-02, -3.2923e-02,  3.4710e-02,
        -4.9013e-02, -4.2123e-02,  2.2047e-02, -8.0855e-02,  6.1853e-02,
         2.6417e-02,  7.9657e-02, -1.7647e-02, -9.5246e-03,  3.6289e-02,
         7.9085e-02, -4.8201e-02,  1.3756e-02, -5.4680e-02, -5.1688e-02,
         2.3818e-02, -6.0809e-02,  8.0724e-02,  7.0322e-02, -2.3238e-02,
         7.6648e-02,  3.8764e-02,  1.6685e-02, -6.2793e-02,  2.1342e-02,
         7.5626e-02,  2.7373e-03,  1.0522e-03, -5.3623e-02,  3.0419e-05,
         3.1797e-03,  1.8379e-02,  6.2757e-02, -8.4363e-02,  1.5484e-02,
        -4.6173e-02,  4.8759e-03, -7.8044e-02,  1.5028e-02, -5.8763e-02,
         2.1264e-02,  3.8567e-02,  7.9980e-02,  9.7843e-04,  6.9252e-02,
        -8.2889e-02,  4.7925e-02, -1.0440e-02], device='cuda:1',
       requires_grad=True)
base_model.model.backbone.encoder.layers.2.norm_attn.1.weightParameter containing:
tensor([1., 1., 1., 1., 1., 1., 1., 1., 1., 1., 1., 1., 1., 1., 1., 1., 1., 1.,
        1., 1., 1., 1., 1., 1., 1., 1., 1., 1., 1., 1., 1., 1., 1., 1., 1., 1.,
        1., 1., 1., 1., 1., 1., 1., 1., 1., 1., 1., 1., 1., 1., 1., 1., 1., 1.,
        1., 1., 1., 1., 1., 1., 1., 1., 1., 1., 1., 1., 1., 1., 1., 1., 1., 1.,
        1., 1., 1., 1., 1., 1., 1., 1., 1., 1., 1., 1., 1., 1., 1., 1., 1., 1.,
        1., 1., 1., 1., 1., 1., 1., 1., 1., 1., 1., 1., 1., 1., 1., 1., 1., 1.,
        1., 1., 1., 1., 1., 1., 1., 1., 1., 1., 1., 1., 1., 1., 1., 1., 1., 1.,
        1., 1.], device='cuda:1', requires_grad=True)
base_model.model.backbone.encoder.layers.2.norm_attn.1.biasParameter containing:
tensor([0., 0., 0., 0., 0., 0., 0., 0., 0., 0., 0., 0., 0., 0., 0., 0., 0., 0., 0., 0., 0., 0., 0., 0.,
        0., 0., 0., 0., 0., 0., 0., 0., 0., 0., 0., 0., 0., 0., 0., 0., 0., 0., 0., 0., 0., 0., 0., 0.,
        0., 0., 0., 0., 0., 0., 0., 0., 0., 0., 0., 0., 0., 0., 0., 0., 0., 0., 0., 0., 0., 0., 0., 0.,
        0., 0., 0., 0., 0., 0., 0., 0., 0., 0., 0., 0., 0., 0., 0., 0., 0., 0., 0., 0., 0., 0., 0., 0.,
        0., 0., 0., 0., 0., 0., 0., 0., 0., 0., 0., 0., 0., 0., 0., 0., 0., 0., 0., 0., 0., 0., 0., 0.,
        0., 0., 0., 0., 0., 0., 0., 0.], device='cuda:1', requires_grad=True)
base_model.model.backbone.encoder.layers.2.ff.0.weightParameter containing:
tensor([[-0.0237,  0.0508,  0.0393,  ..., -0.0375,  0.0843,  0.0185],
        [-0.0476,  0.0125,  0.0646,  ...,  0.0497, -0.0629,  0.0046],
        [ 0.0534,  0.0330, -0.0350,  ..., -0.0635, -0.0227, -0.0431],
        ...,
        [ 0.0638,  0.0702, -0.0045,  ..., -0.0651, -0.0563, -0.0046],
        [-0.0801, -0.0351, -0.0650,  ..., -0.0485,  0.0448, -0.0816],
        [ 0.0335,  0.0130, -0.0504,  ..., -0.0672,  0.0274,  0.0169]],
       device='cuda:1', requires_grad=True)
base_model.model.backbone.encoder.layers.2.ff.0.biasParameter containing:
tensor([ 0.0630, -0.0730,  0.0408, -0.0174,  0.0184,  0.0755,  0.0263,  0.0286,
         0.0604,  0.0718, -0.0749,  0.0317,  0.0760,  0.0709,  0.0161, -0.0363,
        -0.0213,  0.0798,  0.0348,  0.0025,  0.0390,  0.0769,  0.0108,  0.0161,
         0.0030, -0.0786, -0.0589,  0.0136,  0.0186,  0.0478, -0.0159,  0.0200,
         0.0299, -0.0196, -0.0779, -0.0755,  0.0217,  0.0207, -0.0325,  0.0546,
         0.0426, -0.0461,  0.0430,  0.0812, -0.0636,  0.0446, -0.0426, -0.0055,
         0.0292, -0.0135,  0.0218,  0.0122, -0.0507,  0.0368, -0.0725, -0.0049,
         0.0499, -0.0099,  0.0177, -0.0104,  0.0237,  0.0513,  0.0180,  0.0562,
        -0.0599, -0.0872, -0.0732,  0.0252, -0.0277, -0.0729,  0.0154,  0.0548,
        -0.0538, -0.0503,  0.0263, -0.0745,  0.0477, -0.0277,  0.0601,  0.0771,
        -0.0335,  0.0561, -0.0709, -0.0768, -0.0097, -0.0364,  0.0150, -0.0286,
         0.0729,  0.0033,  0.0767,  0.0545,  0.0567, -0.0758,  0.0458,  0.0683,
         0.0476,  0.0497, -0.0147, -0.0075,  0.0373,  0.0861, -0.0263,  0.0411,
         0.0068,  0.0051,  0.0117,  0.0527,  0.0780, -0.0243, -0.0767, -0.0772,
        -0.0102, -0.0130, -0.0757,  0.0404, -0.0188,  0.0867, -0.0451, -0.0644,
        -0.0248, -0.0208,  0.0691,  0.0375, -0.0057, -0.0034,  0.0572, -0.0767,
        -0.0003,  0.0418,  0.0522,  0.0353, -0.0301,  0.0592, -0.0386, -0.0058,
        -0.0557,  0.0652,  0.0687,  0.0721,  0.0759,  0.0567, -0.0118,  0.0604,
        -0.0696, -0.0719, -0.0464, -0.0360, -0.0728,  0.0820,  0.0119,  0.0590,
         0.0097,  0.0406, -0.0264, -0.0302,  0.0263,  0.0808, -0.0572, -0.0140,
        -0.0453,  0.0163,  0.0470, -0.0035, -0.0533,  0.0214,  0.0211, -0.0280,
         0.0563, -0.0503, -0.0055, -0.0519, -0.0734, -0.0192,  0.0844, -0.0695,
         0.0188, -0.0832, -0.0534, -0.0165, -0.0101,  0.0022,  0.0061,  0.0883,
         0.0299, -0.0246,  0.0464, -0.0794, -0.0838,  0.0150,  0.0406,  0.0760,
        -0.0559, -0.0808,  0.0239, -0.0500,  0.0459,  0.0009, -0.0230,  0.0836,
        -0.0181,  0.0089,  0.0251,  0.0458, -0.0094, -0.0629, -0.0092,  0.0857,
         0.0476, -0.0587,  0.0010,  0.0581,  0.0467, -0.0283,  0.0470, -0.0813,
         0.0543,  0.0858, -0.0576,  0.0004,  0.0369, -0.0589,  0.0867,  0.0579,
         0.0504,  0.0147, -0.0230, -0.0717,  0.0772, -0.0884, -0.0147,  0.0118,
         0.0871,  0.0676,  0.0629,  0.0131, -0.0075,  0.0850, -0.0251,  0.0155,
         0.0690, -0.0521,  0.0015,  0.0118, -0.0558,  0.0558,  0.0879, -0.0754,
        -0.0529, -0.0682,  0.0141,  0.0791, -0.0491, -0.0294,  0.0361, -0.0844],
       device='cuda:1', requires_grad=True)
base_model.model.backbone.encoder.layers.2.ff.3.weightParameter containing:
tensor([[ 0.0540, -0.0368, -0.0468,  ..., -0.0245,  0.0452, -0.0421],
        [-0.0617, -0.0179, -0.0270,  ...,  0.0440, -0.0530, -0.0551],
        [ 0.0117, -0.0558, -0.0082,  ...,  0.0076, -0.0478,  0.0037],
        ...,
        [ 0.0303,  0.0487,  0.0214,  ..., -0.0045,  0.0400, -0.0078],
        [ 0.0190,  0.0486, -0.0106,  ..., -0.0213,  0.0503, -0.0012],
        [ 0.0185,  0.0174, -0.0398,  ...,  0.0498, -0.0103, -0.0581]],
       device='cuda:1', requires_grad=True)
base_model.model.backbone.encoder.layers.2.ff.3.biasParameter containing:
tensor([ 1.6023e-02,  5.5073e-02, -2.6194e-03, -4.4349e-02, -2.0572e-02,
         1.0400e-02, -5.9902e-02,  6.0787e-02,  1.7467e-02, -2.6571e-02,
        -2.5288e-02,  4.5120e-02, -4.5522e-02,  5.9061e-02,  1.2542e-02,
         3.1680e-02,  3.0490e-02,  2.6692e-02, -2.5938e-02, -1.0404e-02,
        -1.2480e-02, -7.5880e-03,  1.6853e-02,  6.1201e-02,  4.5205e-02,
         4.5851e-02, -1.7170e-02, -1.4759e-02,  1.7706e-03,  6.1909e-02,
         5.1538e-03,  5.0393e-02,  4.4688e-02,  3.8313e-02, -3.9150e-02,
         2.2904e-02, -8.3711e-04,  5.6429e-02,  3.6316e-02, -3.1749e-02,
         1.4493e-02, -4.2494e-02,  3.8719e-02,  5.9830e-02,  4.5925e-03,
        -3.1333e-02,  2.9919e-02,  3.0334e-02, -5.4881e-02,  6.0345e-02,
         4.5135e-02,  3.5369e-02,  4.5815e-02,  1.4952e-03,  3.7548e-02,
        -5.4746e-02,  5.3239e-02, -4.2600e-02, -6.3822e-03, -4.2170e-06,
        -5.7862e-03, -3.9527e-02, -4.5504e-02,  2.6798e-02,  5.9066e-02,
         7.8596e-04, -4.0594e-02,  1.8644e-02, -6.0203e-02,  2.8624e-02,
         4.4231e-02,  4.6904e-02,  4.1445e-02,  2.2382e-02,  2.2186e-02,
        -2.0053e-02, -4.6643e-02,  6.1533e-02,  2.2436e-02, -1.5522e-02,
        -6.2061e-03,  5.0635e-02,  1.0945e-02, -3.8224e-02, -1.4948e-02,
        -2.5675e-02,  5.5439e-02,  3.0433e-02,  4.5605e-03, -4.5089e-02,
         5.7972e-02,  2.6405e-02,  1.6419e-02,  2.1633e-03, -2.0787e-02,
         9.9611e-03,  2.4469e-02,  3.7194e-02,  1.4346e-02,  3.4667e-02,
        -4.7355e-02, -4.7729e-02, -4.8903e-02, -4.8983e-02, -1.1908e-02,
        -4.2608e-02, -2.9716e-02, -3.0181e-03,  5.2612e-02, -3.0974e-03,
        -5.1386e-02, -1.4720e-02, -7.9103e-03,  5.7393e-03,  1.8147e-02,
         2.4319e-02,  3.5443e-02, -1.5616e-03,  1.6277e-02,  2.4067e-02,
         4.4547e-02, -2.7243e-02,  5.8087e-02, -8.2271e-03,  3.4831e-02,
        -5.7603e-02,  1.5381e-02,  4.4299e-02], device='cuda:1',
       requires_grad=True)
base_model.model.backbone.encoder.layers.2.norm_ffn.1.weightParameter containing:
tensor([1., 1., 1., 1., 1., 1., 1., 1., 1., 1., 1., 1., 1., 1., 1., 1., 1., 1.,
        1., 1., 1., 1., 1., 1., 1., 1., 1., 1., 1., 1., 1., 1., 1., 1., 1., 1.,
        1., 1., 1., 1., 1., 1., 1., 1., 1., 1., 1., 1., 1., 1., 1., 1., 1., 1.,
        1., 1., 1., 1., 1., 1., 1., 1., 1., 1., 1., 1., 1., 1., 1., 1., 1., 1.,
        1., 1., 1., 1., 1., 1., 1., 1., 1., 1., 1., 1., 1., 1., 1., 1., 1., 1.,
        1., 1., 1., 1., 1., 1., 1., 1., 1., 1., 1., 1., 1., 1., 1., 1., 1., 1.,
        1., 1., 1., 1., 1., 1., 1., 1., 1., 1., 1., 1., 1., 1., 1., 1., 1., 1.,
        1., 1.], device='cuda:1', requires_grad=True)
base_model.model.backbone.encoder.layers.2.norm_ffn.1.biasParameter containing:
tensor([0., 0., 0., 0., 0., 0., 0., 0., 0., 0., 0., 0., 0., 0., 0., 0., 0., 0., 0., 0., 0., 0., 0., 0.,
        0., 0., 0., 0., 0., 0., 0., 0., 0., 0., 0., 0., 0., 0., 0., 0., 0., 0., 0., 0., 0., 0., 0., 0.,
        0., 0., 0., 0., 0., 0., 0., 0., 0., 0., 0., 0., 0., 0., 0., 0., 0., 0., 0., 0., 0., 0., 0., 0.,
        0., 0., 0., 0., 0., 0., 0., 0., 0., 0., 0., 0., 0., 0., 0., 0., 0., 0., 0., 0., 0., 0., 0., 0.,
        0., 0., 0., 0., 0., 0., 0., 0., 0., 0., 0., 0., 0., 0., 0., 0., 0., 0., 0., 0., 0., 0., 0., 0.,
        0., 0., 0., 0., 0., 0., 0., 0.], device='cuda:1', requires_grad=True)
base_model.model.head.linear.weightParameter containing:
tensor([[ 0.0133, -0.0125, -0.0038,  ...,  0.0084, -0.0009, -0.0126],
        [-0.0064, -0.0074, -0.0091,  ..., -0.0063,  0.0114, -0.0121],
        [-0.0070, -0.0136, -0.0089,  ...,  0.0021, -0.0097,  0.0009],
        ...,
        [ 0.0113,  0.0023, -0.0021,  ..., -0.0056,  0.0005,  0.0019],
        [ 0.0038, -0.0047,  0.0105,  ..., -0.0107, -0.0092,  0.0104],
        [-0.0080, -0.0018, -0.0073,  ...,  0.0134, -0.0046, -0.0015]],
       device='cuda:1', requires_grad=True)
base_model.model.head.linear.biasParameter containing:
tensor([-1.0150e-02,  3.8123e-03,  7.7569e-03,  2.4729e-03, -3.3959e-05,
        -9.7891e-03,  1.0047e-02, -1.0182e-02, -8.5785e-03, -9.8210e-03,
         8.9761e-03,  8.8291e-03, -2.7428e-03,  6.6460e-03,  1.0028e-02,
        -2.4801e-03,  1.2152e-02, -1.2273e-02,  1.2717e-02, -2.1125e-03,
         5.1624e-03, -1.2823e-02, -1.1813e-02, -6.2852e-03,  1.0370e-02,
         8.8645e-03, -1.3344e-02,  1.2235e-02,  4.1931e-03,  4.3108e-04,
         1.9382e-03,  1.2799e-02, -1.1028e-02, -1.2807e-02,  7.4433e-03,
         1.6975e-04,  1.2437e-02, -4.8133e-03,  6.9792e-03,  6.4399e-03,
         1.4108e-03,  9.8154e-03, -3.0526e-03, -3.7060e-03,  5.2500e-03,
         1.1983e-02,  1.2308e-03,  1.3289e-02,  4.7279e-03,  1.2086e-02,
        -3.3639e-03, -7.8977e-03, -8.7945e-03,  7.5279e-04,  1.0309e-02,
         1.2232e-02,  9.5109e-03, -7.5297e-03, -3.5666e-03, -5.4930e-03,
         4.0660e-04, -5.5606e-03,  4.7895e-03,  7.0668e-03, -4.4340e-03,
        -4.5455e-03, -3.7007e-03, -2.2851e-03,  9.7899e-03,  8.8557e-03,
        -1.3366e-03,  7.9047e-03,  6.1529e-03,  7.0840e-03, -1.1730e-02,
        -8.8989e-03, -3.3478e-03, -6.6359e-03, -1.7021e-04,  1.1472e-02,
         8.8281e-03,  8.1079e-03,  9.8584e-03,  7.8441e-03, -1.0800e-02,
         6.3401e-03, -8.9465e-03, -8.7710e-03,  2.7556e-04, -5.5297e-04,
         8.6445e-03,  6.7630e-03,  5.8747e-03, -1.1905e-02, -1.3525e-02,
         7.6762e-03], device='cuda:1', requires_grad=True)
